1.03823e-14 0 -7.6870040101889003 0
1.5976600000000001 0 -7.3969492859744674 0
3.19922 0 -11.413986829382338 0
4.8007799999999996 0 0.5704008130375664 0
6.3984399999999999 0 9.3447712156969338 0
8 0 -10.725961130063334 0
9.5976599999999994 0 23.651343146018654 0
11.199199999999999 0 8.2394166318957716 0
12.800800000000001 0 63.340760633782168 0
14.398400000000001 0 120.42663767735274 0
16 0 196.52884602132184 0
17.5977 0 239.58349205288309 0
19.199200000000001 0 304.59347065072177 0
20.800799999999999 0 299.25705727862248 0
22.398399999999999 0 328.90256130420829 0
24 0 309.69286040882236 0
25.5977 0 344.94555980873719 0
27.199200000000001 0 318.34023982753001 0
28.800799999999999 0 360.84052152889444 0
30.398399999999999 0 355.7557445965486 0
32 0 300.23293370446936 0
33.597700000000003 0 279.60757502359053 0
35.199199999999998 0 188.63046098510333 0
36.800800000000002 0 149.35090031046286 0
38.398400000000002 0 155.1977098054395 0
40 0 130.67150884049798 0
41.597700000000003 0 130.5256444529881 0
43.199199999999998 0 130.92858725265279 0
44.800800000000002 0 123.30056381860308 0
46.398400000000002 0 148.43600641904064 0
48 0 124.10186770260752 0
49.597700000000003 0 124.87076797405798 0
51.199199999999998 0 140.0703513051715 0
62.355499999999999 0 126.31474808424527 0
70.851600000000005 0 128.69769709924574 0
79.355500000000006 0 102.21298703083986 0
87.855500000000006 0 107.84816241094526 0
96.351600000000005 0 103.14915491784579 0
104.848 0 96.564047147322896 0
113.352 0 95.792878741419329 0
