1.03823e-14 0 -14.120890909847809 0
1.5976600000000001 0 -8.4797564995502679 0
3.19922 0 -18.039283738949337 0
4.8007799999999996 0 -13.321781416919819 0
6.3984399999999999 0 7.6084130379484884 0
8 0 4.361026115543897 0
9.5976599999999994 0 0.74157693321685425 0
11.199199999999999 0 -16.838482397520718 0
12.800800000000001 0 -4.8983341530769975 0
14.398400000000001 0 -4.9767143965335379 0
16 0 7.3708409472108025 0
17.5977 0 7.2671657098313318 0
19.199200000000001 0 6.7137603746671815 0
20.800799999999999 0 7.7659103958880085 0
22.398399999999999 0 20.672649359000339 0
24 0 37.426240335053166 0
25.5977 0 40.79688040192795 0
27.199200000000001 0 64.533760395685889 0
28.800799999999999 0 72.434617671234875 0
30.398399999999999 0 113.49298775562156 0
32 0 108.64914842545188 0
33.597700000000003 0 111.58108508908661 0
35.199199999999998 0 134.18841246506804 0
36.800800000000002 0 129.39834909194613 0
38.398400000000002 0 179.50293171271787 0
40 0 149.15218503205276 0
41.597700000000003 0 155.53300039722328 0
43.199199999999998 0 177.96891725569711 0
44.800800000000002 0 168.58744170183209 0
46.398400000000002 0 176.8874910023554 0
48 0 188.65954281078768 0
49.597700000000003 0 129.87927982970038 0
51.199199999999998 0 166.14385868790444 0
62.355499999999999 0 126.78106568504074 0
70.851600000000005 0 139.3377129102484 0
79.355500000000006 0 116.17855393086757 0
87.855500000000006 0 110.67134127078073 0
96.351600000000005 0 94.293098782630494 0
104.848 0 93.693893850224754 0
113.352 0 81.668894574337003 0
