98.4000015 0 24.2155495 0
99.4000015 0 23.8080521 0
100.400002 0 23.4005547 0
101.400002 0 22.9930534 0
102.400002 0 22.585556 0
103.400002 0 22.1780586 0
104.400002 0 21.7705612 0
105.400002 0 21.3630638 0
106.400002 0 20.9555664 0
107.400002 0 20.5480652 0
108.400002 0 20.1405678 0
109.400002 0 19.7330704 0
110.400002 0 19.325573 0
111.400002 0 18.9180756 0
112.400002 0 18.5105743 0
113.400002 0 18.1030769 0
114.400002 0 17.6955795 0
115.400002 0 17.2880821 0
116.400002 0 16.8805847 0
117.400002 0 16.4730873 0
